{
 "cells": [
  {
   "cell_type": "markdown",
   "id": "881afd56",
   "metadata": {
    "id": "881afd56"
   },
   "source": [
    "# &laquo;Машинное обучение&raquo;, AI Masters\n",
    "\n",
    "### Домашняя работа №1. NumPy.\n",
    "\n",
    "Правила:\n",
    "\n",
    "* Задачи разделены на 2 блока.\n",
    "    * В 1 блоке решение всех задач оценивается _суммарно_ на 1 балл.\n",
    "    * Во 2 блоке балл за задачу указан рядом с условием.\n",
    "    * Для того, чтобы приступить ко второму блоку, нужно полностью решить первый блок.\n",
    "* Нужно заполнить ячейки текущего ноутбука (**не нужно** создавать новый ноутбук и копировать в него код)\n",
    "* Для решения задач использовать только библиотеку numpy.\n",
    "* <font color='red'>Запрещается</font> использовать:\n",
    "    * Циклы for/while\n",
    "    * Goto\n",
    "    * Любые функции из https://numpy.org/doc/stable/reference/routines.functional.html (кроме задачи №8)\n",
    "    * Условиями (if/else) пользоваться можно, но без фанатизма :)\n",
    "* После каждой задачи 2 блока предложен небольшой набор тестов, тесты удалять нельзя, можно добавлять новые.\n",
    "\n",
    "ФИО: <font color='red'>Нестеров Борис Аркадьевич</font>"
   ]
  },
  {
   "cell_type": "markdown",
   "id": "e00cd39a",
   "metadata": {
    "id": "e00cd39a"
   },
   "source": [
    "Кодстайл\n",
    "\n",
    "* проверка онлайн (пример https://codebeautify.org/python-formatter-beautifier)\n",
    "* линтеры"
   ]
  },
  {
   "cell_type": "code",
   "execution_count": 2,
   "id": "d90a61fa",
   "metadata": {
    "id": "d90a61fa"
   },
   "outputs": [],
   "source": [
    "import numpy as np"
   ]
  },
  {
   "cell_type": "markdown",
   "id": "6sV6yiymYlav",
   "metadata": {
    "id": "6sV6yiymYlav"
   },
   "source": [
    "## Блок 1. Задачи на знакомство с функциями (1 балл)"
   ]
  },
  {
   "cell_type": "markdown",
   "id": "edXSyzXfZ5kw",
   "metadata": {
    "id": "edXSyzXfZ5kw"
   },
   "source": [
    "### Задача 1.1\n",
    "\n",
    "Создайте массив 5x5 с числами от 1 до 25, возрастающих по столбцам."
   ]
  },
  {
   "cell_type": "code",
   "execution_count": 3,
   "id": "ErpgkXKDa1D3",
   "metadata": {
    "id": "ErpgkXKDa1D3"
   },
   "outputs": [
    {
     "data": {
      "text/plain": [
       "array([[ 1,  6, 11, 16, 21],\n",
       "       [ 2,  7, 12, 17, 22],\n",
       "       [ 3,  8, 13, 18, 23],\n",
       "       [ 4,  9, 14, 19, 24],\n",
       "       [ 5, 10, 15, 20, 25]])"
      ]
     },
     "execution_count": 3,
     "metadata": {},
     "output_type": "execute_result"
    }
   ],
   "source": [
    "np.arange(1,26).reshape(5,5).transpose()"
   ]
  },
  {
   "cell_type": "markdown",
   "id": "2xOGYHwga2LH",
   "metadata": {
    "id": "2xOGYHwga2LH"
   },
   "source": [
    "### Задача 1.2\n",
    "\n",
    "Создайте массив 10x10, заполненную нулями и единицами в виде шахматного поля.\n",
    "\n",
    "Считайте, что элемент с индексом `(0, 0)` должен быть равен `0`."
   ]
  },
  {
   "cell_type": "code",
   "execution_count": 4,
   "id": "dn00-_POa1io",
   "metadata": {
    "id": "dn00-_POa1io"
   },
   "outputs": [
    {
     "data": {
      "text/plain": [
       "array([[0, 1, 0, 1, 0, 1, 0, 1, 0, 1],\n",
       "       [1, 0, 1, 0, 1, 0, 1, 0, 1, 0],\n",
       "       [0, 1, 0, 1, 0, 1, 0, 1, 0, 1],\n",
       "       [1, 0, 1, 0, 1, 0, 1, 0, 1, 0],\n",
       "       [0, 1, 0, 1, 0, 1, 0, 1, 0, 1],\n",
       "       [1, 0, 1, 0, 1, 0, 1, 0, 1, 0],\n",
       "       [0, 1, 0, 1, 0, 1, 0, 1, 0, 1],\n",
       "       [1, 0, 1, 0, 1, 0, 1, 0, 1, 0],\n",
       "       [0, 1, 0, 1, 0, 1, 0, 1, 0, 1],\n",
       "       [1, 0, 1, 0, 1, 0, 1, 0, 1, 0]])"
      ]
     },
     "execution_count": 4,
     "metadata": {},
     "output_type": "execute_result"
    }
   ],
   "source": [
    "rows = np.arange(10).reshape(-1, 1)\n",
    "cols = np.arange(10)\n",
    "board = (rows + cols) % 2\n",
    "board"
   ]
  },
  {
   "cell_type": "markdown",
   "id": "DolbhmnKbBdH",
   "metadata": {
    "id": "DolbhmnKbBdH"
   },
   "source": [
    "### Задача 1.3\n",
    "\n",
    "Напишите функцию, принимающую на вход число и создающую массив, где числа растут от 0 до этого числа, а потом снова убывают. Пример для 100:\n",
    "\n",
    "```\n",
    ">>> f(100)\n",
    "array([0, 1, 2, ..., 98, 99, 100, 99, 98, ..., 2, 1, 0])\n",
    "```"
   ]
  },
  {
   "cell_type": "code",
   "execution_count": 5,
   "id": "8P7k8ZDMbdkw",
   "metadata": {
    "id": "8P7k8ZDMbdkw"
   },
   "outputs": [
    {
     "name": "stdout",
     "output_type": "stream",
     "text": [
      "[ 0  1  2  3  4  5  6  7  8  9 10  9  8  7  6  5  4  3  2  1  0]\n"
     ]
    }
   ],
   "source": [
    "def f(num):\n",
    "    a = np.arange(0,num)\n",
    "    b = np.arange(num,-1,-1)\n",
    "    return np.concatenate((a,b))\n",
    "print(f(10))"
   ]
  },
  {
   "cell_type": "markdown",
   "id": "jmEif25mbdqm",
   "metadata": {
    "id": "jmEif25mbdqm"
   },
   "source": [
    "### Задача 1.4\n",
    "\n",
    "Реализуйте функцию, которая считает проекцию одного вектора $a \\in \\mathbb{R}^n$ на другой вектор $b \\in \\mathbb{R}^n$."
   ]
  },
  {
   "cell_type": "code",
   "execution_count": 6,
   "id": "8ZhJZ6kabzBP",
   "metadata": {
    "id": "8ZhJZ6kabzBP"
   },
   "outputs": [],
   "source": [
    "def project(a, b):\n",
    "    coeff = (a @ b.reshape(-1,1)) / (b @ b.reshape(-1,1))\n",
    "    return b*coeff\n",
    "    # your code here"
   ]
  },
  {
   "cell_type": "code",
   "execution_count": 7,
   "id": "zfcND-tOc7A2",
   "metadata": {
    "colab": {
     "base_uri": "https://localhost:8080/"
    },
    "executionInfo": {
     "elapsed": 10,
     "status": "ok",
     "timestamp": 1758713051604,
     "user": {
      "displayName": "Arsenii Zinkevich",
      "userId": "16598460885463295998"
     },
     "user_tz": -180
    },
    "id": "zfcND-tOc7A2",
    "outputId": "c30739e3-b76d-4b24-f4f0-05036ea41e00"
   },
   "outputs": [
    {
     "data": {
      "text/plain": [
       "array([2., 0., 0.])"
      ]
     },
     "execution_count": 7,
     "metadata": {},
     "output_type": "execute_result"
    }
   ],
   "source": [
    "a = np.array([2, 0, 1], dtype=np.float64)\n",
    "b = np.array([1, 0, 0], dtype=np.float64)\n",
    "project(a, b)  # [2, 0, 0]"
   ]
  },
  {
   "cell_type": "markdown",
   "id": "VXbb0Exgb372",
   "metadata": {
    "id": "VXbb0Exgb372"
   },
   "source": [
    "### Задача 1.5\n",
    "\n",
    "Создайте случайный массив длины 100 из стандартного нормального распределения. Сделайте так, что с вероятностью 20% каждый элемент превратится в `nan`. Посчитайте в полученном массиве дисперсию, игнорируя пропущенные значения."
   ]
  },
  {
   "cell_type": "code",
   "execution_count": 8,
   "id": "3idFaFWNcC3O",
   "metadata": {
    "id": "3idFaFWNcC3O"
   },
   "outputs": [
    {
     "data": {
      "text/plain": [
       "np.float64(1.2202581044073564)"
      ]
     },
     "execution_count": 8,
     "metadata": {},
     "output_type": "execute_result"
    }
   ],
   "source": [
    "a = np.random.normal(size = 100)\n",
    "mask = np.random.normal(size = 100) < 0.2\n",
    "a[mask] = np.nan\n",
    "np.nanvar(a)"
   ]
  },
  {
   "cell_type": "markdown",
   "id": "RxT-iDUzeFM-",
   "metadata": {
    "id": "RxT-iDUzeFM-"
   },
   "source": [
    "### Задача 1.6\n",
    "\n",
    "Напишите функцию, создающую матрицу размера $n \\times n$ с единицами на главной и побочной диагоналях.\n",
    "\n",
    "Пример для случая 5x5:\n",
    "```\n",
    "array([[1, 0, 0, 0, 1],\n",
    "       [0, 1, 0, 1, 0],\n",
    "       [0, 0, 1, 0, 0],\n",
    "       [0, 1, 0, 1, 0],\n",
    "       [1, 0, 0, 0, 1]])\n",
    "```"
   ]
  },
  {
   "cell_type": "code",
   "execution_count": 9,
   "id": "FQsbihDbfcnO",
   "metadata": {
    "id": "FQsbihDbfcnO"
   },
   "outputs": [],
   "source": [
    "def double_eye(n: int, dtype: np.dtype = np.int64):\n",
    "    anti_diag = (np.arange(n), np.arange(n-1, -1, -1))\n",
    "    a = np.eye(n, dtype = dtype)\n",
    "    a[anti_diag] = 1\n",
    "    return a"
   ]
  },
  {
   "cell_type": "code",
   "execution_count": 10,
   "id": "nD9k4DB5NV1F",
   "metadata": {
    "colab": {
     "base_uri": "https://localhost:8080/"
    },
    "executionInfo": {
     "elapsed": 7,
     "status": "ok",
     "timestamp": 1758742463340,
     "user": {
      "displayName": "Arsenii Zinkevich",
      "userId": "16598460885463295998"
     },
     "user_tz": -180
    },
    "id": "nD9k4DB5NV1F",
    "outputId": "0f347bb5-fcf4-4090-b356-9f35f38f8221"
   },
   "outputs": [
    {
     "name": "stdout",
     "output_type": "stream",
     "text": [
      "[[1 0 0 0 1]\n",
      " [0 1 0 1 0]\n",
      " [0 0 1 0 0]\n",
      " [0 1 0 1 0]\n",
      " [1 0 0 0 1]]\n",
      "[[1. 0. 0. 0. 0.]\n",
      " [0. 1. 0. 0. 0.]\n",
      " [0. 0. 1. 0. 0.]\n",
      " [0. 0. 0. 1. 0.]\n",
      " [0. 0. 0. 0. 1.]]\n"
     ]
    }
   ],
   "source": [
    "print(double_eye(5))\n",
    "print(np.eye(5))"
   ]
  },
  {
   "cell_type": "markdown",
   "id": "S-j5M_LJfcuG",
   "metadata": {
    "id": "S-j5M_LJfcuG"
   },
   "source": [
    "### Задача 1.7\n",
    "\n",
    "Создайте 2 массива длины 10 из стандартного нормального распределения. Умножьте элементы первого массива на соответствующие элементы второго, но только если элемент во втором больше 0. В остальных случаях оставьте значение из первого массива."
   ]
  },
  {
   "cell_type": "code",
   "execution_count": 11,
   "id": "QFFmkdpkf_Fs",
   "metadata": {
    "id": "QFFmkdpkf_Fs"
   },
   "outputs": [
    {
     "name": "stdout",
     "output_type": "stream",
     "text": [
      "[ 0.00718504  0.47434974  0.07850205 -2.86507999  0.03984724 -1.04348227\n",
      "  0.90137431  0.0308171   1.41892493 -0.02289907]\n"
     ]
    }
   ],
   "source": [
    "a = np.random.normal(size = 10)\n",
    "b = np.random.normal(size = 10)\n",
    "mask = b < 0\n",
    "b[mask]=1\n",
    "print(a*b)"
   ]
  },
  {
   "cell_type": "markdown",
   "id": "v1-k7MYhf_Nd",
   "metadata": {
    "id": "v1-k7MYhf_Nd"
   },
   "source": [
    "### Задача 1.8\n",
    "\n",
    "Дан массив NumPy. Перемешайте значения внутри третьего столбца."
   ]
  },
  {
   "cell_type": "code",
   "execution_count": 12,
   "id": "PGkAhXnwffzN",
   "metadata": {
    "colab": {
     "base_uri": "https://localhost:8080/"
    },
    "executionInfo": {
     "elapsed": 23,
     "status": "ok",
     "timestamp": 1758713657216,
     "user": {
      "displayName": "Arsenii Zinkevich",
      "userId": "16598460885463295998"
     },
     "user_tz": -180
    },
    "id": "PGkAhXnwffzN",
    "outputId": "db25ae8a-f01c-490b-d44d-2bda19b88785"
   },
   "outputs": [
    {
     "data": {
      "text/plain": [
       "array([[0, 0, 0, 0, 0, 0, 0, 0],\n",
       "       [1, 1, 1, 1, 1, 1, 1, 1],\n",
       "       [2, 2, 2, 2, 2, 2, 2, 2],\n",
       "       [3, 3, 3, 3, 3, 3, 3, 3],\n",
       "       [4, 4, 4, 4, 4, 4, 4, 4],\n",
       "       [5, 5, 5, 5, 5, 5, 5, 5]])"
      ]
     },
     "execution_count": 12,
     "metadata": {},
     "output_type": "execute_result"
    }
   ],
   "source": [
    "arr = np.broadcast_to(np.arange(0, 6)[:, np.newaxis], (6, 8)).copy()\n",
    "arr"
   ]
  },
  {
   "cell_type": "code",
   "execution_count": 13,
   "id": "MepgILlOOQTe",
   "metadata": {
    "colab": {
     "base_uri": "https://localhost:8080/"
    },
    "executionInfo": {
     "elapsed": 2,
     "status": "ok",
     "timestamp": 1689872060151,
     "user": {
      "displayName": "Arsenii Z",
      "userId": "16598460885463295998"
     },
     "user_tz": -180
    },
    "id": "MepgILlOOQTe",
    "outputId": "7be9f528-3f2e-4cc9-daae-8e3840db1ea7"
   },
   "outputs": [
    {
     "data": {
      "text/plain": [
       "array([[0, 0, 1, 0, 0, 0, 0, 0],\n",
       "       [1, 1, 3, 1, 1, 1, 1, 1],\n",
       "       [2, 2, 4, 2, 2, 2, 2, 2],\n",
       "       [3, 3, 2, 3, 3, 3, 3, 3],\n",
       "       [4, 4, 0, 4, 4, 4, 4, 4],\n",
       "       [5, 5, 5, 5, 5, 5, 5, 5]])"
      ]
     },
     "execution_count": 13,
     "metadata": {},
     "output_type": "execute_result"
    }
   ],
   "source": [
    "# your code here\n",
    "mask = np.arange(6)\n",
    "random_mask = np.arange(6)\n",
    "np.random.shuffle(random_mask)\n",
    "arr[mask,2] = arr[random_mask,3]\n",
    "arr"
   ]
  },
  {
   "cell_type": "markdown",
   "id": "sNcdePyZgNCN",
   "metadata": {
    "id": "sNcdePyZgNCN"
   },
   "source": [
    "### Задача 1.9\n",
    "\n",
    "Дан массив NumPy с пропущенными данными.\n",
    "\n",
    "1. Избавьтесь от столбцов, содержащих два и более пропусков.\n",
    "2. Затем заполните оставшиеся столбцы средним по таблице."
   ]
  },
  {
   "cell_type": "code",
   "execution_count": 14,
   "id": "id_CWd1UgSV9",
   "metadata": {
    "colab": {
     "base_uri": "https://localhost:8080/"
    },
    "executionInfo": {
     "elapsed": 36,
     "status": "ok",
     "timestamp": 1758713712953,
     "user": {
      "displayName": "Arsenii Zinkevich",
      "userId": "16598460885463295998"
     },
     "user_tz": -180
    },
    "id": "id_CWd1UgSV9",
    "outputId": "1501db82-8106-409f-8bb2-766c211da9c9"
   },
   "outputs": [
    {
     "name": "stderr",
     "output_type": "stream",
     "text": [
      "/tmp/ipykernel_1457456/2278858934.py:2: RuntimeWarning: invalid value encountered in log\n",
      "  arr = -np.log(np.random.uniform(-0.1, 0.9, (10, 7))).round(2)\n"
     ]
    },
    {
     "data": {
      "text/plain": [
       "array([[2.1 , 0.26, 2.24, 0.2 , 0.95, 0.67, 0.41],\n",
       "       [0.87, 1.63, 2.43,  nan, 0.45, 1.07, 2.84],\n",
       "       [0.25, 1.75, 1.16, 1.63, 0.64, 0.73, 0.69],\n",
       "       [1.8 , 1.69, 1.87, 1.48, 3.12, 2.72, 0.15],\n",
       "       [0.15, 2.43,  nan, 2.26, 0.51, 0.39,  nan],\n",
       "       [0.74,  nan, 0.88, 0.62, 0.12, 1.84, 0.35],\n",
       "       [0.26, 0.2 ,  nan, 1.  , 0.13, 1.21, 0.34],\n",
       "       [0.81, 0.4 , 0.95,  nan,  nan, 4.47, 1.89],\n",
       "       [0.15, 0.63, 0.33, 0.76, 0.62, 0.34, 0.19],\n",
       "       [0.21, 0.32,  nan, 1.34,  nan, 0.81, 0.36]])"
      ]
     },
     "execution_count": 14,
     "metadata": {},
     "output_type": "execute_result"
    }
   ],
   "source": [
    "np.random.seed(5)\n",
    "arr = -np.log(np.random.uniform(-0.1, 0.9, (10, 7))).round(2)\n",
    "arr"
   ]
  },
  {
   "cell_type": "code",
   "execution_count": 15,
   "id": "DL5tHnaagAz9",
   "metadata": {
    "id": "DL5tHnaagAz9"
   },
   "outputs": [
    {
     "name": "stdout",
     "output_type": "stream",
     "text": [
      "[[2.1        0.26       0.67       0.41      ]\n",
      " [0.87       1.63       1.07       2.84      ]\n",
      " [0.25       1.75       0.73       0.69      ]\n",
      " [1.8        1.69       2.72       0.15      ]\n",
      " [0.15       2.43       0.39       1.00315789]\n",
      " [0.74       1.00315789 1.84       0.35      ]\n",
      " [0.26       0.2        1.21       0.34      ]\n",
      " [0.81       0.4        4.47       1.89      ]\n",
      " [0.15       0.63       0.34       0.19      ]\n",
      " [0.21       0.32       0.81       0.36      ]]\n"
     ]
    }
   ],
   "source": [
    "mask = np.isnan(arr)\n",
    "col_mask = np.sum(mask, axis=0) < 2  # сумма по строкам (axis=0)\n",
    "arr_ans = arr[:, col_mask]\n",
    "mean = np.nanmean(arr_ans)\n",
    "nan_mask = np.isnan(arr_ans)\n",
    "arr_ans[nan_mask] = mean\n",
    "print(arr_ans)"
   ]
  },
  {
   "cell_type": "markdown",
   "id": "2tH-wxNMgrat",
   "metadata": {
    "id": "2tH-wxNMgrat"
   },
   "source": [
    "### Задача 1.10\n",
    "\n",
    "Сгенерируйте случайный тензор размера 10x10. Добавьте к нему поля из нулей (размер станет 12x12).\n",
    "\n",
    "Выполнить эту задачу нужно именно в таком порядке (промежуточный массив должен быть размера 10x10).\n",
    "\n",
    "Название этого термина на английском - padding."
   ]
  },
  {
   "cell_type": "code",
   "execution_count": 16,
   "id": "kCRLbIUDg8vd",
   "metadata": {
    "id": "kCRLbIUDg8vd"
   },
   "outputs": [
    {
     "data": {
      "text/plain": [
       "array([[ 0,  0,  0,  0,  0,  0,  0,  0,  0,  0,  0,  0],\n",
       "       [ 0, 92, 79, 70, 35, 20, 49, 72, 32, 82, 13,  0],\n",
       "       [ 0, 92, 18, 52, 81, 22, 58, 83, 92, 83, 49,  0],\n",
       "       [ 0,  4, 82, 36, 41, 20, 32, 10, 31, 15, 22,  0],\n",
       "       [ 0, 70,  9, 63, 94, 14, 66, 57, 19, 64,  8,  0],\n",
       "       [ 0,  8, 71, 12, 20, 59, 72, 74, 86, 72, 32,  0],\n",
       "       [ 0, 15, 69, 35, 62, 43,  0,  2,  2, 91, 65,  0],\n",
       "       [ 0, 45, 87,  1, 23, 50, 86, 19, 54, 24, 64,  0],\n",
       "       [ 0, 77, 73,  1,  9, 64, 23, 39, 68, 81, 91,  0],\n",
       "       [ 0, 36, 97, 87, 69, 36, 18, 34, 30, 77, 97,  0],\n",
       "       [ 0, 35, 29,  1, 82, 20,  0, 34, 78, 51, 30,  0],\n",
       "       [ 0,  0,  0,  0,  0,  0,  0,  0,  0,  0,  0,  0]])"
      ]
     },
     "execution_count": 16,
     "metadata": {},
     "output_type": "execute_result"
    }
   ],
   "source": [
    "a = np.random.randint(0,100,(10,10))\n",
    "np.pad(a, [(1, 1), (1, 1)], mode='constant')"
   ]
  },
  {
   "cell_type": "markdown",
   "id": "BVV8632KhPd0",
   "metadata": {
    "id": "BVV8632KhPd0"
   },
   "source": [
    "### Задача 1.11\n",
    "\n",
    "Сгенерируйте 2 вектора размера `(30,)` - координаты $x$ и $y$ для 30 точек в двумерном пространстве. Найдите матрицу попарных расстояний для этих точек."
   ]
  },
  {
   "cell_type": "code",
   "execution_count": 17,
   "id": "JzqZ59rIhYpE",
   "metadata": {
    "id": "JzqZ59rIhYpE"
   },
   "outputs": [
    {
     "data": {
      "text/plain": [
       "array([[0.        , 2.1405692 , 2.01105541, 2.22497744, 2.25481947,\n",
       "        0.74673245, 1.74812161, 1.61864626, 1.58253671, 1.45599963,\n",
       "        2.57597915, 1.57504156, 1.52820595, 1.71653395, 1.43166538,\n",
       "        1.45068752, 2.64940617, 1.45100037, 2.80015297, 1.57014333,\n",
       "        0.35257719, 2.53010043, 2.60953545, 2.27178436, 1.18532801,\n",
       "        2.79274203, 2.12133594, 1.27336458, 1.64027703, 0.77159749],\n",
       "       [2.1405692 , 0.        , 0.25397441, 0.10805078, 0.40961489,\n",
       "        1.51971077, 1.4082702 , 1.172536  , 0.7680185 , 2.54660342,\n",
       "        0.88618525, 2.26520955, 1.09795027, 0.84102189, 1.15548261,\n",
       "        0.92810639, 1.57220135, 1.71245019, 1.36241217, 0.81310109,\n",
       "        1.8328312 , 1.64283173, 1.93661879, 2.39424031, 1.65831286,\n",
       "        0.77866529, 1.79554031, 2.60022523, 0.95559492, 1.64141491],\n",
       "       [2.01105541, 0.25397441, 0.        , 0.35875819, 0.2901759 ,\n",
       "        1.34570874, 1.51704357, 1.26116703, 0.81791076, 2.56459597,\n",
       "        0.76153922, 2.31487064, 0.85322583, 0.94231319, 0.91695314,\n",
       "        0.95877631, 1.78856717, 1.46720042, 1.60378772, 0.86622429,\n",
       "        1.72550665, 1.84253871, 2.12603868, 2.14078009, 1.67663124,\n",
       "        0.79853952, 1.93824533, 2.37720755, 0.70649734, 1.5921481 ],\n",
       "       [2.22497744, 0.10805078, 0.35875819, 0.        , 0.47089227,\n",
       "        1.61727386, 1.4050103 , 1.18151136, 0.80226755, 2.5778123 ,\n",
       "        0.92869798, 2.28405731, 1.20584598, 0.84993339, 1.26351975,\n",
       "        0.96636944, 1.5061925 , 1.82036812, 1.27724559, 0.84473262,\n",
       "        1.91139521, 1.58765672, 1.88670413, 2.49586632, 1.69319508,\n",
       "        0.76348344, 1.7724068 , 2.70658054, 1.06288099, 1.70178265],\n",
       "       [2.25481947, 0.40961489, 0.2901759 , 0.47089227, 0.        ,\n",
       "        1.55857322, 1.7888432 , 1.53910306, 1.10276123, 2.85476033,\n",
       "        0.48493694, 2.60315705, 0.94867061, 1.21415246, 1.03182767,\n",
       "        1.24723542, 1.97615907, 1.53885349, 1.7424882 , 1.15080694,\n",
       "        1.98499756, 2.05172227, 2.34622507, 2.10328846, 1.96676615,\n",
       "        0.53807288, 2.19453622, 2.50300423, 0.78982457, 1.87484172],\n",
       "       [0.74673245, 1.51971077, 1.34570874, 1.61727386, 1.55857322,\n",
       "        0.        , 1.63172512, 1.40940335, 1.16943131, 1.90295572,\n",
       "        1.84157018, 1.86813211, 0.78195399, 1.35685828, 0.68641623,\n",
       "        1.10116356, 2.41856187, 0.83698851, 2.46041635, 1.17942742,\n",
       "        0.61350341, 2.35214312, 2.5158783 , 1.74429332, 1.26369951,\n",
       "        2.09387244, 2.09150113, 1.21306422, 0.89497487, 0.85995801],\n",
       "       [1.74812161, 1.4082702 , 1.51704357, 1.4050103 , 1.7888432 ,\n",
       "        1.63172512, 0.        , 0.27214131, 0.72332346, 1.30749559,\n",
       "        2.27311159, 0.94273063, 1.89033608, 0.57513167, 1.86743149,\n",
       "        0.64324174, 0.91715834, 2.34341573, 1.16097576, 0.67700441,\n",
       "        1.40879735, 0.78255316, 0.88921941, 3.23760144, 0.61063212,\n",
       "        2.16751355, 0.47825726, 2.81469335, 1.84813702, 0.97654802],\n",
       "       [1.61864626, 1.172536  , 1.26116703, 1.18151136, 1.53910306,\n",
       "        1.40940335, 0.27214131, 0.        , 0.45466855, 1.43276698,\n",
       "        2.02118931, 1.10849677, 1.62136945, 0.33203055, 1.60121819,\n",
       "        0.37286638, 1.03909916, 2.08873365, 1.19370328, 0.40743655,\n",
       "        1.26849114, 0.94759132, 1.11162328, 2.97600649, 0.60614276,\n",
       "        1.94422468, 0.74506953, 2.61060199, 1.57655852, 0.86308164],\n",
       "       [1.58253671, 0.7680185 , 0.81791076, 0.80226755, 1.10276123,\n",
       "        1.16943131, 0.72332346, 0.45466855, 0.        , 1.77873031,\n",
       "        1.57937289, 1.50352927, 1.20819143, 0.20418343, 1.20260067,\n",
       "        0.16589973, 1.28050911, 1.72798627, 1.29099608, 0.04842389,\n",
       "        1.23729751, 1.25257592, 1.47900338, 2.58473518, 0.89152775,\n",
       "        1.54626689, 1.1814224 , 2.37882247, 1.14516185, 0.93937958],\n",
       "       [1.45599963, 2.54660342, 2.56459597, 2.5778123 , 2.85476033,\n",
       "        1.90295572, 1.30749559, 1.43276698, 1.77873031, 0.        ,\n",
       "        3.30748334, 0.40416812, 2.54732514, 1.74543269, 2.47809741,\n",
       "        1.61940651, 2.08516238, 2.73869733, 2.42120672, 1.73439321,\n",
       "        1.32266591, 1.892582  , 1.79128961, 3.63444399, 0.88980849,\n",
       "        3.32409673, 1.32812371, 2.72780799, 2.58545961, 1.08427788],\n",
       "       [2.57597915, 0.88618525, 0.76153922, 0.92869798, 0.48493694,\n",
       "        1.84157018, 2.27311159, 2.02118931, 1.57937289, 3.30748334,\n",
       "        0.        , 3.07215827, 1.10627885, 1.69812832, 1.20511477,\n",
       "        1.71732283, 2.42653741, 1.59236125, 2.15785748, 1.62771235,\n",
       "        2.34353979, 2.51566844, 2.81539818, 1.94263643, 2.42496324,\n",
       "        0.47079387, 2.6785359 , 2.60309801, 0.96155759, 2.2922046 ],\n",
       "       [1.57504156, 2.26520955, 2.31487064, 2.28405731, 2.60315705,\n",
       "        1.86813211, 0.94273063, 1.10849677, 1.50352927, 0.40416812,\n",
       "        3.07215827, 0.        , 2.42098796, 1.43599102, 2.3639687 ,\n",
       "        1.35610209, 1.68250327, 2.69875424, 2.02562548, 1.45638879,\n",
       "        1.35684953, 1.48885191, 1.39082671, 3.61146401, 0.66963822,\n",
       "        3.04289466, 0.9239769 , 2.83596512, 2.43524763, 1.00843794],\n",
       "       [1.52820595, 1.09795027, 0.85322583, 1.20584598, 0.94867061,\n",
       "        0.78195399, 1.89033608, 1.62136945, 1.20819143, 2.54732514,\n",
       "        1.10627885, 2.42098796, 0.        , 1.40784086, 0.10013115,\n",
       "        1.24855984, 2.45100305, 0.61453851, 2.35816194, 1.24520338,\n",
       "        1.36277816, 2.44994864, 2.68690577, 1.38278918, 1.75591508,\n",
       "        1.44011569, 2.36642679, 1.55456327, 0.15912182, 1.46335405],\n",
       "       [1.71653395, 0.84102189, 0.94231319, 0.84993339, 1.21415246,\n",
       "        1.35685828, 0.57513167, 0.33203055, 0.20418343, 1.74543269,\n",
       "        1.69812832, 1.43599102, 1.40784086, 0.        , 1.40494613,\n",
       "        0.26924952, 1.07808673, 1.93216965, 1.11041888, 0.18000361,\n",
       "        1.36562881, 1.04859274, 1.27947147, 2.78668225, 0.88096911,\n",
       "        1.61228806, 1.0078151 , 2.56922203, 1.33865055, 1.02156833],\n",
       "       [1.43166538, 1.15548261, 0.91695314, 1.26351975, 1.03182767,\n",
       "        0.68641623, 1.86743149, 1.60121819, 1.20260067, 2.47809741,\n",
       "        1.20511477, 2.3639687 , 0.10013115, 1.40494613, 0.        ,\n",
       "        1.22976127, 2.46124553, 0.56505983, 2.38510779, 1.23694115,\n",
       "        1.27460154, 2.45181597, 2.6806556 , 1.38221885, 1.70266437,\n",
       "        1.53162623, 2.34511947, 1.47251386, 0.24948871, 1.39393125],\n",
       "       [1.45068752, 0.92810639, 0.95877631, 0.96636944, 1.24723542,\n",
       "        1.10116356, 0.64324174, 0.37286638, 0.16589973, 1.61940651,\n",
       "        1.71732283, 1.35610209, 1.24855984, 0.26924952, 1.22976127,\n",
       "        0.        , 1.31859234, 1.72804454, 1.37766568, 0.13171504,\n",
       "        1.10112481, 1.26481915, 1.46339763, 2.60741352, 0.73031224,\n",
       "        1.70473885, 1.11792713, 2.31408487, 1.20526169, 0.78065306],\n",
       "       [2.64940617, 1.57220135, 1.78856717, 1.5061925 , 1.97615907,\n",
       "        2.41856187, 0.91715834, 1.03909916, 1.28050911, 2.08516238,\n",
       "        2.42653741, 1.68250327, 2.45100305, 1.07808673, 2.46124553,\n",
       "        1.31859234, 0.        , 3.00308425, 0.41840882, 1.25764534,\n",
       "        2.3024946 , 0.20565909, 0.48036282, 3.8330759 , 1.52616563,\n",
       "        2.1471211 , 0.76570887, 3.63033069, 2.35836557, 1.88172098],\n",
       "       [1.45100037, 1.71245019, 1.46720042, 1.82036812, 1.53885349,\n",
       "        0.83698851, 2.34341573, 2.08873365, 1.72798627, 2.73869733,\n",
       "        1.59236125, 2.69875424, 0.61453851, 1.93216965, 0.56505983,\n",
       "        1.72804454, 3.00308425, 0.        , 2.94512724, 1.75694319,\n",
       "        1.43020735, 2.97998896, 3.19139867, 0.91567837, 2.0722848 ,\n",
       "        1.99019041, 2.8200287 , 1.0134291 , 0.76282049, 1.69105879],\n",
       "       [2.80015297, 1.36241217, 1.60378772, 1.27724559, 1.7424882 ,\n",
       "        2.46041635, 1.16097576, 1.19370328, 1.29099608, 2.42120672,\n",
       "        2.15785748, 2.02562548, 2.35816194, 1.11041888, 2.38510779,\n",
       "        1.37766568, 0.41840882, 2.94512724, 0.        , 1.28312951,\n",
       "        2.44768995, 0.61541114, 0.89710892, 3.72172298, 1.76039929,\n",
       "        1.828441  , 1.13965167, 3.66818108, 2.24468043, 2.05599905],\n",
       "       [1.57014333, 0.81310109, 0.86622429, 0.84473262, 1.15080694,\n",
       "        1.17942742, 0.67700441, 0.40743655, 0.04842389, 1.73439321,\n",
       "        1.62771235, 1.45638879, 1.24520338, 0.18000361, 1.23694115,\n",
       "        0.13171504, 1.25764534, 1.75694319, 1.28312951, 0.        ,\n",
       "        1.22270707, 1.22311235, 1.44371705, 2.61911457, 0.8484625 ,\n",
       "        1.59165115, 1.13768612, 2.39099545, 1.18572295, 0.91189051],\n",
       "       [0.35257719, 1.8328312 , 1.72550665, 1.91139521, 1.98499756,\n",
       "        0.61350341, 1.40879735, 1.26849114, 1.23729751, 1.32266591,\n",
       "        2.34353979, 1.35684953, 1.36277816, 1.36562881, 1.27460154,\n",
       "        1.10112481, 2.3024946 , 1.43020735, 2.44768995, 1.22270707,\n",
       "        0.        , 2.18846452, 2.28147407, 2.31391523, 0.87353774,\n",
       "        2.5192934 , 1.80209529, 1.49356269, 1.44960131, 0.43905754],\n",
       "       [2.53010043, 1.64283173, 1.84253871, 1.58765672, 2.05172227,\n",
       "        2.35214312, 0.78255316, 0.94759132, 1.25257592, 1.892582  ,\n",
       "        2.51566844, 1.48885191, 2.44994864, 1.04859274, 2.45181597,\n",
       "        1.26481915, 0.20565909, 2.97998896, 0.61541114, 1.22311235,\n",
       "        2.18846452, 0.        , 0.31226918, 3.83189416, 1.37995755,\n",
       "        2.26580931, 0.56683804, 3.55756189, 2.36869227, 1.75872797],\n",
       "       [2.60953545, 1.93661879, 2.12603868, 1.88670413, 2.34622507,\n",
       "        2.5158783 , 0.88921941, 1.11162328, 1.47900338, 1.79128961,\n",
       "        2.81539818, 1.39082671, 2.68690577, 1.27947147, 2.6806556 ,\n",
       "        1.46339763, 0.48036282, 3.19139867, 0.89710892, 1.44371705,\n",
       "        2.28147407, 0.31226918, 0.        , 4.06279378, 1.42829875,\n",
       "        2.575619  , 0.50335824, 3.70389462, 2.61653784, 1.84312975],\n",
       "       [2.27178436, 2.39424031, 2.14078009, 2.49586632, 2.10328846,\n",
       "        1.74429332, 3.23760144, 2.97600649, 2.58473518, 3.63444399,\n",
       "        1.94263643, 3.61146401, 1.38278918, 2.78668225, 1.38221885,\n",
       "        2.60741352, 3.8330759 , 0.91567837, 3.72172298, 2.61911457,\n",
       "        2.31391523, 3.83189416, 4.06279378, 0.        , 2.98794822,\n",
       "        2.40899262, 3.71578035, 1.33543659, 1.47943556, 2.60305818],\n",
       "       [1.18532801, 1.65831286, 1.67663124, 1.69319508, 1.96676615,\n",
       "        1.26369951, 0.61063212, 0.60614276, 0.89152775, 0.88980849,\n",
       "        2.42496324, 0.66963822, 1.75591508, 0.88096911, 1.70266437,\n",
       "        0.73031224, 1.52616563, 2.0722848 , 1.76039929, 0.8484625 ,\n",
       "        0.87353774, 1.37995755, 1.42829875, 2.98794822, 0.        ,\n",
       "        2.43492785, 0.9361246 , 2.35287664, 1.76614756, 0.44070003],\n",
       "       [2.79274203, 0.77866529, 0.79853952, 0.76348344, 0.53807288,\n",
       "        2.09387244, 2.16751355, 1.94422468, 1.54626689, 3.32409673,\n",
       "        0.47079387, 3.04289466, 1.44011569, 1.61228806, 1.53162623,\n",
       "        1.70473885, 2.1471211 , 1.99019041, 1.828441  , 1.59165115,\n",
       "        2.5192934 , 2.26580931, 2.575619  , 2.40899262, 2.43492785,\n",
       "        0.        , 2.51826406, 2.98513865, 1.28259655, 2.38679201],\n",
       "       [2.12133594, 1.79554031, 1.93824533, 1.7724068 , 2.19453622,\n",
       "        2.09150113, 0.47825726, 0.74506953, 1.1814224 , 1.32812371,\n",
       "        2.6785359 , 0.9239769 , 2.36642679, 1.0078151 , 2.34511947,\n",
       "        1.11792713, 0.76570887, 2.8200287 , 1.13965167, 1.13768612,\n",
       "        1.80209529, 0.56683804, 0.50335824, 3.71578035, 0.9361246 ,\n",
       "        2.51826406, 0.        , 3.2534016 , 2.31964155, 1.36321186],\n",
       "       [1.27336458, 2.60022523, 2.37720755, 2.70658054, 2.50300423,\n",
       "        1.21306422, 2.81469335, 2.61060199, 2.37882247, 2.72780799,\n",
       "        2.60309801, 2.83596512, 1.55456327, 2.56922203, 1.47251386,\n",
       "        2.31408487, 3.63033069, 1.0134291 , 3.66818108, 2.39099545,\n",
       "        1.49356269, 3.55756189, 3.70389462, 1.33543659, 2.35287664,\n",
       "        2.98513865, 3.2534016 , 0.        , 1.71363705, 1.91234336],\n",
       "       [1.64027703, 0.95559492, 0.70649734, 1.06288099, 0.78982457,\n",
       "        0.89497487, 1.84813702, 1.57655852, 1.14516185, 2.58545961,\n",
       "        0.96155759, 2.43524763, 0.15912182, 1.33865055, 0.24948871,\n",
       "        1.20526169, 2.35836557, 0.76282049, 2.24468043, 1.18572295,\n",
       "        1.44960131, 2.36869227, 2.61653784, 1.47943556, 1.76614756,\n",
       "        1.28259655, 2.31964155, 1.71363705, 0.        , 1.50688305],\n",
       "       [0.77159749, 1.64141491, 1.5921481 , 1.70178265, 1.87484172,\n",
       "        0.85995801, 0.97654802, 0.86308164, 0.93937958, 1.08427788,\n",
       "        2.2922046 , 1.00843794, 1.46335405, 1.02156833, 1.39393125,\n",
       "        0.78065306, 1.88172098, 1.69105879, 2.05599905, 0.91189051,\n",
       "        0.43905754, 1.75872797, 1.84312975, 2.60305818, 0.44070003,\n",
       "        2.38679201, 1.36321186, 1.91234336, 1.50688305, 0.        ]])"
      ]
     },
     "execution_count": 17,
     "metadata": {},
     "output_type": "execute_result"
    }
   ],
   "source": [
    "x = np.random.randn(30)\n",
    "y = np.random.randn(30)  \n",
    "x_col = x.reshape(30, 1)  \n",
    "y_col = y.reshape(30, 1)\n",
    "x_matr = x_col - x \n",
    "y_matr = y_col - y  \n",
    "distance_matrix = np.sqrt(x_matr**2 + y_matr**2)\n",
    "distance_matrix"
   ]
  },
  {
   "cell_type": "markdown",
   "id": "AJjyZRX8hk81",
   "metadata": {
    "id": "AJjyZRX8hk81"
   },
   "source": [
    "### Задача 1.12\n",
    "\n",
    "Создайте одномерный тензор длины 95, числа в котором формируют \"пилу\" периода 10.\n",
    "\n",
    "Пример \"пилы\" периода 3: `[1, 2, 3, 1, 2, 3, 1, 2, 3, ...]`"
   ]
  },
  {
   "cell_type": "code",
   "execution_count": 18,
   "id": "ftTSVfe7hoGk",
   "metadata": {
    "id": "ftTSVfe7hoGk"
   },
   "outputs": [
    {
     "name": "stdout",
     "output_type": "stream",
     "text": [
      "[ 1  2  3  4  5  6  7  8  9 10  1  2  3  4  5  6  7  8  9 10  1  2  3  4\n",
      "  5  6  7  8  9 10  1  2  3  4  5  6  7  8  9 10  1  2  3  4  5  6  7  8\n",
      "  9 10  1  2  3  4  5  6  7  8  9 10  1  2  3  4  5  6  7  8  9 10  1  2\n",
      "  3  4  5  6  7  8  9 10  1  2  3  4  5  6  7  8  9 10  1  2  3  4  5]\n"
     ]
    }
   ],
   "source": [
    "a = np.arange(95)%10 + 1\n",
    "print(a)"
   ]
  },
  {
   "cell_type": "markdown",
   "id": "6FrJVG8ihoLs",
   "metadata": {
    "id": "6FrJVG8ihoLs"
   },
   "source": [
    "### Задача 1.13\n",
    "\n",
    "Задан массив. Как эффективно найти в нем $k$ самых больших элементов? Напишите код для $k=20$."
   ]
  },
  {
   "cell_type": "code",
   "execution_count": 44,
   "id": "4YaWhBBIlL6h",
   "metadata": {
    "colab": {
     "base_uri": "https://localhost:8080/"
    },
    "executionInfo": {
     "elapsed": 23,
     "status": "ok",
     "timestamp": 1758715112421,
     "user": {
      "displayName": "Arsenii Zinkevich",
      "userId": "16598460885463295998"
     },
     "user_tz": -180
    },
    "id": "4YaWhBBIlL6h",
    "outputId": "e0315198-9e7f-4f66-f0a5-4780f5661e08"
   },
   "outputs": [
    {
     "name": "stdout",
     "output_type": "stream",
     "text": [
      "309\n"
     ]
    }
   ],
   "source": [
    "np.random.seed(5)\n",
    "arr = np.random.randint(1, 1000, size=(200,))"
   ]
  },
  {
   "cell_type": "code",
   "execution_count": 20,
   "id": "rIwSqOt8lO1L",
   "metadata": {
    "colab": {
     "base_uri": "https://localhost:8080/"
    },
    "executionInfo": {
     "elapsed": 20,
     "status": "ok",
     "timestamp": 1758715113085,
     "user": {
      "displayName": "Arsenii Zinkevich",
      "userId": "16598460885463295998"
     },
     "user_tz": -180
    },
    "id": "rIwSqOt8lO1L",
    "outputId": "85db4322-5b8d-4474-fa83-a2bb0da21344"
   },
   "outputs": [],
   "source": [
    "# your code here"
   ]
  },
  {
   "cell_type": "markdown",
   "id": "794OXyfiaImP",
   "metadata": {
    "id": "794OXyfiaImP"
   },
   "source": [
    "## Блок 2. Задачи на применение NumPy"
   ]
  },
  {
   "cell_type": "markdown",
   "id": "864ff185",
   "metadata": {
    "id": "864ff185"
   },
   "source": [
    "### Задача 2.1 (1 балл)\n",
    "\n",
    "Напишите функцию `get_nonzero_diag_product(X)`, которая подсчитывает произведение ненулевых элементов на диагонали прямоугольной матрицы. Если все элементы на диагонали нулевые, функция должна вернуть `None`."
   ]
  },
  {
   "cell_type": "code",
   "execution_count": 21,
   "id": "47cd5347",
   "metadata": {
    "id": "47cd5347"
   },
   "outputs": [],
   "source": [
    "def get_nonzero_diag_product(a):\n",
    "    diagonal = np.diag(a)\n",
    "    mask = diagonal != 0\n",
    "    if diagonal[mask].shape[0] == 0:\n",
    "        return None\n",
    "    return np.prod(diagonal[mask])\n",
    "    pass\n",
    "    # your code here"
   ]
  },
  {
   "cell_type": "code",
   "execution_count": 22,
   "id": "6f714907",
   "metadata": {
    "id": "6f714907"
   },
   "outputs": [],
   "source": [
    "assert np.isclose(get_nonzero_diag_product(\n",
    "    np.array(\n",
    "        [[2, 5, 6, 2, 2],\n",
    "         [9, 2, 6, 6, 9],\n",
    "         [4, 4, 3, 1, 4],\n",
    "         [8, 4, 5, 9, 6],\n",
    "         [5, 3, 5, 5, 3]]\n",
    "    )\n",
    "), 324.0)\n",
    "assert np.isclose(get_nonzero_diag_product(\n",
    "    np.array(\n",
    "        [[1, 4, 5, 1, 5, 7, 4, 7, 1, 4, 3, 3, 2, 6, 3, 6],\n",
    "         [8, 6, 1, 9, 1, 6, 6, 8, 4, 7, 8, 7, 9, 5, 7, 4],\n",
    "         [8, 6, 6, 1, 7, 2, 3, 1, 7, 2, 6, 5, 8, 1, 9, 1],\n",
    "         [3, 8, 7, 5, 4, 1, 7, 3, 8, 1, 6, 4, 3, 1, 1, 7],\n",
    "         [6, 4, 9, 6, 7, 8, 5, 6, 9, 4, 6, 4, 2, 5, 4, 3],\n",
    "         [7, 4, 5, 1, 4, 0, 4, 7, 2, 7, 3, 2, 8, 6, 4, 8],\n",
    "         [5, 5, 6, 8, 8, 3, 8, 2, 5, 5, 3, 2, 7, 1, 5, 3],\n",
    "         [8, 8, 2, 3, 6, 8, 8, 4, 2, 6, 9, 8, 2, 8, 9, 3],\n",
    "         [4, 3, 3, 3, 9, 2, 8, 8, 7, 2, 3, 6, 7, 7, 9, 5],\n",
    "         [5, 2, 5, 2, 9, 2, 3, 5, 3, 4, 5, 7, 9, 3, 7, 9],\n",
    "         [6, 5, 9, 2, 7, 6, 7, 6, 1, 8, 1, 7, 6, 6, 3, 2],\n",
    "         [4, 8, 5, 6, 6, 5, 4, 1, 9, 9, 4, 3, 4, 5, 7, 3],\n",
    "         [9, 1, 9, 6, 8, 7, 8, 2, 7, 5, 9, 9, 8, 5, 2, 6],\n",
    "         [5, 6, 7, 4, 1, 9, 9, 6, 2, 6, 4, 2, 3, 5, 4, 9],\n",
    "         [9, 6, 3, 1, 7, 3, 6, 1, 9, 8, 4, 9, 3, 7, 6, 1],\n",
    "         [9, 5, 6, 8, 7, 5, 4, 3, 9, 9, 4, 4, 3, 3, 1, 3]]\n",
    "    )\n",
    "),2438553600.0)\n",
    "assert np.isclose(get_nonzero_diag_product(\n",
    "    np.array(\n",
    "        [[1, 0],\n",
    "        [0,0]]\n",
    "    )\n",
    "), 1.0)\n",
    "assert get_nonzero_diag_product(\n",
    "    np.array(\n",
    "        [[0, 1],\n",
    "        [1,0]]\n",
    "    )\n",
    ") is None"
   ]
  },
  {
   "cell_type": "markdown",
   "id": "69514d72",
   "metadata": {
    "id": "69514d72"
   },
   "source": [
    "### Задача 2.2 (1 балл)\n",
    "\n",
    "Напишите функцию `replace_nan_to_means(X)`, принимающую матрицу $X$. Функция должна вернуть копию матрицы $X$, в которой все значения `nan` в каждом столбце заменены на среднее арифметическое остальных элементов столбца. В случае столбца из одних `nan` необходимо заменить все элементы столбца на нули. Исходная матрица `X` должна остаться неизменной."
   ]
  },
  {
   "cell_type": "code",
   "execution_count": 23,
   "id": "751e421b",
   "metadata": {
    "id": "751e421b"
   },
   "outputs": [],
   "source": [
    "def replace_nan_to_means(X):\n",
    "    X_copy = X.copy()\n",
    "    col_means = np.nanmean(X, axis=0)\n",
    "    nan_cols = np.all(np.isnan(X), axis=0)\n",
    "    col_means[nan_cols] = 0\n",
    "    mask = np.isnan(X)\n",
    "    X_copy = np.where(mask, col_means, X_copy)\n",
    "    return X_copy"
   ]
  },
  {
   "cell_type": "code",
   "execution_count": 24,
   "id": "f4be577e-0429-4529-b327-bb2f296f771e",
   "metadata": {},
   "outputs": [
    {
     "name": "stdout",
     "output_type": "stream",
     "text": [
      "[[0 1 2]\n",
      " [3 4 5]\n",
      " [6 7 8]]\n",
      "[3. 4. 5.]\n"
     ]
    }
   ],
   "source": [
    "a = np.arange(9).reshape((3,3))\n",
    "print(a)\n",
    "print(np.mean(a,axis=0))"
   ]
  },
  {
   "cell_type": "code",
   "execution_count": 25,
   "id": "0c748ba3",
   "metadata": {
    "id": "0c748ba3"
   },
   "outputs": [],
   "source": [
    "assert np.isclose(\n",
    "    replace_nan_to_means(np.array([[0, 1, 2], [np.nan, 1, np.nan], [5, 6, 7]])),\n",
    "    np.array([[0, 1, 2], [2.5, 1, 4.5], [5, 6, 7]])).all()\n",
    "assert np.isclose(\n",
    "    replace_nan_to_means(\n",
    "        np.array(\n",
    "            [[ 6.,  1.,  5.],\n",
    "             [ 6.,  8.,  7.],\n",
